1101558
11378984
18701557
4716083
38368744
14580578
16283683
12766462
543838
10105757
197146
1861
3499
25
32
100
12
54
23
58
2
7
30
9
54
16
1321
64
114
54
217
82
3699
146
14
259
13
46560186
33410
99
1388
5
33
299
42
47
91
78
33
1898
27
69
0
13
13
291
1099
12
24
6
42
11
203
14
11
22
42
11
1
21
563
34
18
14
9
2846187
51
21
20
0
150
33
142
27
3
213
412
13
17
21
11
20
44
18
8
65
32
25
17
9
10
38
4
42
12
19
13
10
28
8
35
19
267
49
18
337
13
647
94
30
130
11
801
32
101
744
32
1410
91
30
81
10
10
386
9
95
9
16
352
60
139
1195
6
7830
18
1262
69
208
200
36
122
38
8
14
169
1
13
3092
9
122
202
7
22
13
40
271
9
53
25
285
62
4
129
15
64
6
7
37
1
13
21
150
18
19
21
14
35
25
111
4
39
11
109
14
93
276
16
2092
19
182
66
6
10
203
19
28
9
14
72
189
137
1088
79
62
46
54
24
903
31
6
210
15
46
18
119
80
39
28
735
445
4
29
81
483
8
25
16
10
0
47
29
3792
1
52
13
29
14
205
2294
13
54
22
14
80
23
365
44753
39
10
25
26
12
65817
65
521
231
664
1175
487
160
1170
222
454
13
21
13
35
116
88
99
39
21
739
181
455
1727
4
35
33
2805868
36
179
10
88
6
2
14
27
16
178
10
33
699
40
132
23
4
536
12
73
31
11
6
49021
27
72
88
29
100
14
31
10
446
9
237
11
524
122
67
14
28
44
15
30
28
51
27
78
19
37
83
7
16
291
29
14
8
36
9
199
98
88
6
26
169
16
145
2
19
66
18
27
405
261
0
19
54
29
1931
78
267
17
8
37
417
71
94
232
18
1246
222
1458
108
18
13
277
36
17
408
58
0
39
14
58
51
8
41
26
4
28
24
11
10
154
0
993
17
5
7
159
39
763
2849
12
47
7
94
45
12
1
23
354
39
211
13
7
38
35
27
72
354
46
75
14
472
12
5523
79
17
103
1672
723
8
14
117
172
34
101
46
4
16
5387
11012809
258381
34961
23099051
108928534
49999
38560766
668596
674931
8221673
48608
2055308
61864466
437799
54219126
15405805
2698047
56747
3594620
741514
2628451
10215505
219874
245375
2081296
18
10
204
182
25
18907
66
463566
96893
65
73
62
394
30
144
355
25
180
5046
19
81
465
189
198
182110
1616
484
148
71
699
604
61
29
9
18
519
13
57
49
181
232
1003
15
49
1215117
582116
105
27
1
50
18241
43
13
9
222
30
2199
97
33
938
235806
84611
74303
130
11
46
159
1079
14
22
54
7127
341170
32676
47
163
99
18
71
9
44
425
41
159
12
5
252
28580
34
306
107
34
445
19
59
44
18
9
247564
8
16
86
34
5627641
1825
523
6050
2764
3062
4
11272
101
24
13
53
38
26
64
63
125
26
416
24
36
419
5239139
9443
32
410
77
35
1114
197
17
10
17
67
16
67
147
12
12
213
430
144
18
129
61591
13
12
276
4
7
27
23
19
8
13
119
18
11
159
29182
36
121
6
1782
835
8
25
5902
184660
4226
21
286119
15
12
409
6
115050
31902
138
8
56099
9
17754
273
39
9
12230
25917
117
31
32
69
55
29
867033
25
61296
18
12
12
13
219
28
24
0
73
32
13
21
144
24
311
157
10
33
15
51
84
130
7
10
14
8
13
13
18
934
15
45
1
7
13
20
22
15
49
129
11
17
17
1238
33
45
143
33
11
26
109
292
256
19
7
22
33
1070
17
19
22
7
12
128
9
77
159
1966880
11258
204
16
16
33
19
887
17
66
31
13
20
31
17
187
15
10
2885
23
55
12
98
138
5
1697
17
63
15
1030
3
33
32
19
15
27
33
20
265
22
16
433
20
83
26
213
149
15
27
149
111
18
18
31
55
29
16
55
13
184
2
14
127
0
24
29
39
12
1231
456
14
5
22
91
18
30
199
11
16
17
223
38949
70
41
12
11
26
47
26
25
52
323
14
14
10
1087
21
649
851
68
33
15
88
64
5
5820
946
488
21
104
630
69
367
54
151
62
5026
112
11
45
23
6443
32
124
43
680
30
9
135
21
97
25
3015
109
40
1511
137
89
87
211
10
31
107
69
12720
24
19
72
79
175
59
34
5908
50
129
456
13
7
55
189
14
62
3
51
113
123
22
64
25
16
13
114
17
64
81
530
10
7
6623
91
31
52
12
40
24
1654
16
15
98
389
5
25
763
18
65
14
12
12
50
36
18
15
52
7
308
13
50
22
25
31
0
30
72
20
18
21
1
366
27
1054
4625
96
7
22
21
21
18
28
60
282
65
52
44
91
1834
919
208
38
28
37
37
215
363
246
398
204
179
110
29
1751
9
2510
30
40
18
21
13
214
1894
134
152
181645
11
377
29
778
33
17
16
166
48
26
18
1125
25
9
8
64
54
19
30
9
11
12
28
97
24
295
222
18
24
10
39
16
16
14
36
23
142
820
22
53
20
33
46
16
606
14
82
81
45
36
44
7
21
113
43
625
796
13
150
13
2
41
79
27282
33
11
10
14
8
210
412
24
86
27
55
736
64
39
50
32
9
1465
288681
13
81
21
1408474
18
93
38
6
9
588
19
246
151
37
34
20
10
21
59
237
13
13
17
11
215
121
21
35
244
517
24
11005
200
37
32
180
269
283
970
92
68
33
7
772
180
42
125
22
50
12
41
20
176
17
36
6
30
9
18
213
19
630
8
50
10
19
6
34
12
27
31
13
78
34
20
13
10
10
91
65
158
61
996
58
22
24
44
109
99
18
18
19
214
20
205
28768
5600
475
39
2708
271
89
20
44
29
24
38
182
20
333
37
13
112
100
36
163
356
5
89
435
113
22
325
164
134
88
26
9
31
2407
152
13
59
10
8906
43
17
68
18
17
15
74
89
407
20210
235
9
155
22
23
46
731
163
126
191
87
12
715
16
235
15
6
10
0
16
91
17
10
212
15
32
10
172
39
44
140
7
0
60
994
57
7
23
11083
67518
14
13
7782362
20
101
119
8
62
53
61
11
30
18
66
2479
30
8
7
495
42
27
33
22
38
47
12
14
4450131
155
79
17
36
17
17
36
11
14
46
246
52
16
15
105
21
0
37
363
65
30
21
233
8
46
7
8
56
16
26
225
9
727
16
30
1960
23
15
12
14
10
30
226
25
123
1056
9
56
32
22
308
15
22
22
14
10
18
29
11
71
25
23
266
33
13
124
153
74
30
21
27
31
21
17
8
51
272
50
9
33
16
25
31
24
12
22
16
83
6637
188
13
37
251
87
16
12
9
6
480
30
34
25
26
10
2
4
48
36
355
122
59
13
9
368
12
2250
63
651
132
23
8
55
7
890
13
20
16
63
16
16
11
59
78
60
15
322
12
2146
11
1029
266
73
19
30
24
45
22
183
192
21
39
36
276
49
51
36
32
195
21219588
15160
96392
6025
43315
3048
10289
16027
26
16
13
14
175338
16
1039
179
18
2788
25
54
10
114
3
9
28
116
78
111
26
32
45
18
21
52
65860
728
45
45
43
44002
25
10
18
9
154
24
27
80
64
36
27
27
15
102
1299821
19
512
131
73
413
26
89
9144
35
11
1187
47
17
90
13
30
16
19
14
31
94
1896
34
27
92
36
1066
44
93
54
36
103
216
490
24
5
8
13
142
773
61
8
57
263
21
10
18
215
5
91
58
660
18
9
52
34
10
6
5
15
6
13
282
21
13
12
22
228
8
94
1582
38
15
546
37
2578
40
150
26
12
73
6
13
12
37
79
16
38
396142
48
128
213
1556
439
12
1532
40
77
10
52
99
149
1
38
73
920
9
84
52
41
32
17
18
34
23
286
22
17
5992
474
15
15
7
98
293
157
33
39
98
831
37
48
13
63
57
557
14
13
7197
1
244
43
9
856
47
389
21
13
44
55
4
14
23
186
74
16
78
0
22
18
19
1
266
37
14
17
20
379
12
14
8
22
80
29
55
184
98
14
151
45
220
38
643
6
6
20
1
14
14
12
4268
19
11
34
56
363
29
39
22
11
7
80
5
265060
1134
542
146
119
38
40
65
209
24
58
823
16105
8
96
150
8
18
14
60
524
36
2769
17
24
28
41
24
20
80
16
108
79
19
468
196
31381482
88923
6573
16
1785
173
6398946
6479
21962
16731
3691
19
35
61049
21
33
479
946
289
13381
18
21
372
194
55
265
15
25
11689
133293
9
13
25
146
43
22
35
24
84860
6190
76
618998
31
87
13
85
32
1767
41
12
390
44
11
38
25
36
384
230
7
8
18
130
101
10
30
128
11
17
82
83
58
324
696
13540
5
27
54
129
14
6
44
13
24
14
77
340
178
68177
18
1851
20
155
14
13
10
8
14
0
35
16
19
3
17
19
210
1
7
175
26
160
99
15
10
4894
12
16
39
11
19
40
1975
13
24
18
73
56
30
12
19
26
17
768
34
9
451
290
65
16
129
154
14
722
14
920
18
18
55
1
50
116
25
76
128
77
11
40
498
104
120
26
6
156
24
451
21
90843
15
23
25
8
406
73
1898
16
9
22
27
18
93
59
26
106
945
114
60
7
56
10
156
45
21
465
178
2528
85
22
20
18
0
369
147
176
27
103
16
1809
281
724
106
184
22
13
40
0
438
69
30
49
16
69
23
11
187
3392
58
21
25
307
28
15
15
23
105
4
35
18
27
70
21
1161
27
1063
161
26
124
166
30
48
19
86
12
13
521
13
1613
62
47
18
133
70
670
44
17
23
19
1323
180
43
13
189
19
4
9
16
55
49
58
28
7
182
34
16
16
14
310
12
51
53
1666
82
35
38
9521
12147
125
21
11
196
601
46
36
37
33
184
70
236
57
263
24
29
33
515
12
12
46
0
32
23
345
73
130
13
12
45
32
54
99
133
2636
7
9
43
321
7039
50
47
75
21
105
828
49
10
7
123
1068
16
11
58
75
67
32
71
29
256
25
5
286
49
59
8
32
40
212
20
315
39
16
454
111
17
71
17
13
27
11
12
8
84
434
25
70
35
8
439
37
33
55
4
23
44
30
51
75
58
11
8
1
9
92
19
33
26
17
123
2844
123
65
7
21
30
51
29
68
11
16
28
31
249
32
532
200
391
54
23
87
12
10
80
14
1091
13
25
15
96
39
15
39
93
117
164
1094
1074
20
7
51
90
16
1575
91
98
7
483
70
49
9
80
5729
525
30
45
35
1
26
5
68
681
18
26
26
57
32
19
327
16
15
73
342
4560
26
5
10
13
9
134
33
265
455
10
10
83
200123
85
895
86
8
298
723
27
19
4
14
17
171
15
48
23
31
10
14
21
43
21
21
11
133
36
20
9
44
16
8
81
33
4377
33
161
18
94
228
17
1127
20
18
19
957
31
5
73
18
85
248
40
23
22
5
17
434
10
17
75
4
34
16
22
39
18
42
20
4
28
15
22
65
35
22
30
217
19
24
16412
7
1047
452
24
57
188
28
19
0
49
10
179
78
37
7
198
10
32
60
55
8
134
3
18
13
22
71
825
9
15
1338
22
80
27
60
38
751
706446
13
236
251
13
18
31
13
13
53
26
41
266
2784
10
38
12
88
14
68
197
14
54
5929
12
59
733
6
64
13
13
18
11
98
14
18
43
176
35
14
205
109
283
19
15
8
16
40
3349
274
24
92
62
17
15
546
440
37
8
416
82
14
11
376
445285
15
2731
27
5936
116
214
10
12
15
2633
12
22
125
724862
188840
194
362
29
0
42
44
8882
19
33
6
18
63
14
32
14
8
11
5
6
16
9291600
74845
290
9
16
22
468
170
181
444
29
48293
115802
14
52
22
108
286
50
56
466
20
14
24
70
119
47
18
40
79
32
16
190
114
91
283
13
14
5
12
84
8
130
7
33
10
45
110
14
222
28
2
14
25
35
28
33
13
19
52
829766
66
135
11
370
6
7420
17
13
207
101
19
21
85
10
85283
32
16
5
223656
9
22
14945
17
76
66
181
6
15
158050
54
61
34264
17
313
508
114
27
19
21
13
64
35
36
4
5445
14
13
129131
3
263
10
1467
11
42
35
24
103
9
16
14
275
26
16
242
153
152
15
344
4
12
15
10
2715
133
104
487
53
12
20
16
1448
20
3756
29
17
20
85
80
90
5938
67
7067758
5561
11729
63
446702
186397
53
29
343
14
89
3686
19
12
48
746
1885
0
29
212
35
36
195
16
15
15
93
22
18
20
60
14
21
10
45
8
9
20
5
9
69
87
57
22
29
0
50
69
20
87
17
13
8
21
13
14
327
65225
3252
251796
974
4118
487444
12099
6
170
412
36
2712
114939
871
74
133
5912
726
3734
37
4890
187785
6513
1111
50015
4021
25496
1456
53
80895
220
17
109
2183
11496
652
2981
19
251344
2441
418
7
1549
494
155
7720
8595
3809
38
455209
696
27
25
17
24
10
153
2422
10526
922
102
17
15
517
67
51
17
13
12
14493
70348
21
72
243
25
10258
34975
18
8
208
13103
19481
21
11
2170
4428
45
466258
212359
8
8
18
1377
15
30
9
20
775620
73
20512
139
509
267
187
1542
459
8
726
195
25248
38147
385
20
33
10353
37
70
58
7
10
78
3810
2721
17
124
2147
169
29
779082
385
183
169551
557
95
636
297
1216
90
147
694
47744
486
9731
16255
15
7800
153
143
103
15
27
20
11
17
13935
28
191
18
62
13
13
47
18
7175
25
16
59
12
43
14
77
29962
46
10
408
10
25
97
44
33452
20
39
40285
24
594
164
22791
608
286
210132
681
3080
6498
24
12346
207
804
22950
132
35307
82
1308
12
20
113
123
276944
487
363
4898
72854
21
380
87
1596835
348
434326
11972648
0
1219000
12298284
12648376
1233592
11610324
19696121
5024495
40753950
15689924
16416379
13074002
568215
10441203
227388
2139
4172
28
33
98
13
54
23
58
6
13
32
9
55
20
1390
68
115
55
222
90
3783
150
16
271
14
49459105
37212
99
1389
6
35
325
45
47
95
81
35
1999
27
84
5
13
15
311
1108
12
25
10
47
14
202
16
14
25
42
15
6
22
566
34
17
15
10
2957049
67
21
21
7
158
35
142
29
5
216
417
12
21
24
14
21
48
21
9
71
32
26
17
11
10
38
13
40
11
19
22
11
26
12
36
18
281
49
15
339
13
657
94
33
132
11
832
32
106
744
34
1410
91
30
84
12
10
393
9
96
12
20
365
60
155
1228
7
8985
18
1402
76
234
203
43
134
40
8
16
169
5
14
3222
9
126
223
8
26
13
42
284
10
56
24
312
66
5
130
15
64
14
8
32
5
14
21
153
18
19
23
14
36
27
117
5
45
12
106
13
99
286
16
2176
18
182
66
6
13
206
18
27
15
16
72
189
137
1133
79
70
53
55
30
965
33
8
227
15
55
20
117
83
41
34
768
465
11
29
79
483
8
25
22
12
7
47
28
3910
3
52
12
33
15
209
2424
13
60
25
15
87
32
393
48647
42
14
24
29
11
69517
65
603
244
664
1175
484
160
1172
224
477
16
23
13
37
116
99
101
37
21
770
185
462
1807
8
33
33
3057496
37
188
11
93
8
7
19
27
17
180
16
35
733
43
134
23
10
545
11
64
34
14
9
51077
27
76
88
34
101
16
31
7
455
11
247
12
530
131
67
17
30
50
17
44
35
60
26
81
22
38
87
8
16
307
32
15
10
34
10
200
103
87
6
26
169
16
144
6
19
70
21
28
412
275
9
19
57
33
2067
83
267
18
10
43
433
76
98
244
18
1303
222
1461
107
18
14
295
39
18
451
56
7
43
15
59
56
9
43
31
6
28
25
12
10
154
5
1032
24
5
8
163
43
804
2904
12
62
7
96
44
12
9
23
365
61
221
13
8
40
35
28
77
356
46
83
19
495
13
6027
80
16
118
1672
737
8
18
116
185
34
105
45
7
20
5649
11104665
255300
34400
24228871
110064489
54517
40615530
672623
695974
8226958
53759
2112179
65666514
470620
54168459
15273654
2845816
59019
3689311
822701
2817189
10683185
220754
245755
2255543
18
12
206
180
24
20186
66
495029
103967
70
72
86
391
33
147
373
26
183
5211
19
83
475
198
212
195689
1673
482
150
71
726
622
64
31
9
18
531
15
59
50
196
241
1060
15
52
1256793
645897
106
27
7
59
20182
45
16
9
229
30
2369
95
32
977
244566
87791
78811
134
9
48
154
1190
12
21
56
7521
363186
35364
49
160
101
18
73
12
54
424
43
170
12
13
247
29157
40
306
111
33
493
19
64
40
16
12
268166
8
17
95
34
5917378
1867
560
7113
2992
3278
6
11399
119
23
15
61
38
29
66
65
132
26
425
22
36
447
5555037
9915
32
452
92
35
1170
208
17
10
17
67
16
68
146
12
12
227
439
145
19
135
66902
13
12
286
5
7
27
23
20
8
12
130
17
12
179
30318
36
128
6
1837
952
7
25
6163
192842
4333
20
305037
14
12
432
8
124227
33399
136
8
59833
11
19016
281
39
14
13070
26371
129
32
32
75
55
29
907142
26
65154
18
12
12
13
225
29
24
6
76
30
15
21
148
26
314
171
11
33
15
57
85
137
10
9
14
9
13
12
18
1022
17
45
10
7
12
20
22
16
49
129
10
18
21
1302
33
51
153
33
11
33
112
301
260
19
7
22
31
1093
18
24
25
7
12
131
9
80
154
2111733
12154
216
16
16
34
19
924
18
67
32
13
19
31
16
195
16
10
3022
28
59
13
100
135
5
1759
16
60
15
1049
0
30
34
20
13
27
33
20
268
22
18
439
20
85
26
218
144
14
27
148
118
17
17
31
56
28
15
55
15
194
6
14
135
4
23
29
39
11
1243
470
16
5
22
95
18
30
206
12
18
16
254
41445
73
41
13
12
28
47
26
26
51
339
13
15
10
1133
18
662
883
69
35
15
88
65
14
6063
991
484
20
106
645
69
370
54
148
62
5203
118
12
50
23
6817
31
142
43
719
33
9
148
19
99
25
3171
112
40
1520
142
90
89
217
16
32
109
71
13124
24
19
73
85
176
59
34
6018
54
146
475
15
7
58
190
15
62
5
51
114
128
24
65
27
23
14
118
19
77
82
545
10
11
6782
92
33
52
13
38
24
1686
16
18
107
392
6
25
777
19
67
14
26
11
50
34
19
15
55
8
317
14
54
22
25
32
9
33
77
20
18
21
9
396
27
1054
5278
96
9
22
24
23
22
35
60
295
67
56
46
92
2002
958
210
38
28
37
38
226
377
257
404
217
186
112
29
1872
10
2609
30
40
19
20
13
216
1933
142
158
183301
11
392
32
797
32
22
17
153
47
27
17
1145
25
10
8
64
62
19
30
10
11
11
28
101
29
302
225
20
24
8
39
17
18
11
35
24
141
835
22
53
23
33
55
17
620
14
83
81
46
35
52
9
26
122
43
644
817
13
153
15
1
38
85
28691
35
11
9
14
6
215
423
24
89
27
55
785
67
39
55
34
9
1596
302609
12
81
22
1469292
19
115
38
7
11
600
22
259
148
43
34
20
9
22
57
243
13
13
17
14
218
119
21
32
254
557
38
12337
206
37
34
191
275
303
1007
92
74
33
8
799
189
40
135
24
50
13
46
23
178
17
36
6
30
9
18
212
20
675
12
49
10
20
9
34
12
27
28
12
83
33
20
13
10
12
98
69
166
60
1026
58
22
25
53
111
102
18
17
19
214
19
226
31026
5799
479
39
2829
279
88
18
45
28
23
38
186
20
343
37
14
120
100
39
171
356
5
89
451
126
22
332
166
151
87
26
10
27
2557
151
13
60
12
9789
43
17
69
21
18
14
81
94
399
21178
239
9
171
21
20
49
779
165
127
194
86
16
730
20
256
15
6
10
2
16
107
17
13
222
15
35
8
200
38
46
151
7
4
63
1033
60
6
24
11388
67654
13
13
8349839
20
105
120
9
63
52
62
11
30
20
70
2519
30
8
7
499
42
27
31
22
40
47
14
15
4739639
160
80
18
39
16
17
37
12
13
46
249
54
12
19
105
21
6
35
376
65
33
26
233
8
46
6
9
56
18
28
239
10
764
17
29
2019
22
17
17
13
11
30
227
25
137
1088
9
55
35
22
314
14
25
21
14
11
18
29
12
71
29
26
282
34
15
127
167
77
32
26
30
34
20
17
9
50
287
51
10
32
17
27
31
24
12
20
16
83
6717
196
15
35
271
90
16
12
8
6
485
31
33
26
26
11
0
5
48
43
364
122
61
11
9
369
13
2318
62
707
147
23
8
60
6
904
22
20
15
66
16
17
12
63
76
58
17
329
13
2379
11
1035
269
77
19
33
24
44
22
196
203
21
44
38
281
47
53
37
33
201
22888131
15754
97333
6628
47030
3341
11137
16275
26
16
13
15
183537
15
1057
185
18
2652
23
56
10
116
6
11
29
123
78
118
28
33
50
19
22
52
69643
817
45
54
44
47561
25
11
19
9
151
24
27
81
67
36
27
27
15
101
1395843
19
526
146
71
433
26
96
9703
36
11
1307
50
17
89
13
30
16
20
14
31
93
1982
40
27
128
37
1090
42
95
54
36
103
216
517
24
5
6
20
144
841
62
8
59
272
21
12
19
212
6
92
54
657
22
10
52
35
8
6
5
15
6
10
291
21
13
14
21
233
11
93
1616
41
15
574
38
2662
48
157
32
12
73
6
13
11
34
78
15
37
419229
50
140
224
1610
467
11
1629
44
82
10
53
108
173
10
44
74
957
8
84
52
43
33
18
20
34
23
295
22
17
6090
482
20
16
9
104
316
162
36
43
99
840
38
53
13
65
62
569
14
15
7579
6
307
43
9
902
46
399
24
15
46
56
4
13
27
193
74
16
77
5
22
18
19
7
269
36
13
17
22
385
17
14
9
17
85
30
55
183
98
15
155
45
229
38
666
7
6
18
9
14
14
14
4997
20
11
34
55
381
29
39
22
14
7
76
6
290898
1182
567
141
117
42
43
65
225
24
62
852
16977
8
97
157
8
18
13
60
527
36
2810
19
23
30
44
24
20
85
24
114
78
19
477
196
33871219
96344
7148
16
1852
175
6855227
6789
23572
17806
3683
18
35
64837
17
33
487
978
321
14150
18
22
402
203
55
274
17
32
12588
144767
9
13
25
152
39
23
38
25
91436
6858
83
664282
31
86
15
86
32
1862
42
12
406
45
11
41
28
36
407
245
10
8
18
139
104
12
31
127
14
17
86
84
61
334
701
14306
5
27
52
134
18
5
45
13
24
12
75
345
179
84872
18
1900
29
159
14
14
10
8
13
5
38
15
18
5
15
20
206
10
14
173
30
172
98
15
13
5114
14
19
40
12
19
37
2066
16
24
15
87
62
30
14
20
26
22
783
34
12
455
317
65
16
130
161
22
762
15
970
22
18
58
8
48
122
25
84
132
78
11
42
517
107
118
26
6
158
24
458
24
94772
15
21
27
12
426
79
1994
15
11
27
29
18
90
66
27
105
973
118
50
9
56
9
158
45
26
501
184
2593
85
25
20
18
4
367
146
181
29
103
17
1896
303
724
106
187
32
13
40
3
456
69
30
49
15
72
23
16
200
3753
62
22
25
314
32
15
11
26
109
8
35
18
27
73
21
1219
28
1125
161
31
123
160
37
51
19
86
12
12
519
13
1653
68
48
18
138
71
683
44
17
23
19
1376
184
39
13
204
20
6
11
18
55
49
58
28
9
188
34
16
16
16
334
11
52
57
1679
83
37
38
9974
13378
128
20
12
200
599
51
41
38
43
184
77
246
60
283
26
31
33
530
12
13
49
7
36
22
345
75
149
12
12
43
32
61
98
131
2805
7
11
44
335
7616
50
54
76
20
110
882
49
12
10
123
1150
15
11
58
77
74
33
71
29
251
25
6
286
47
61
8
33
41
219
18
317
41
15
448
113
17
71
18
12
27
15
13
8
89
451
28
72
36
8
474
37
40
55
6
23
46
28
52
73
61
11
10
6
10
92
19
33
26
19
135
3031
142
65
9
22
37
52
30
72
11
18
29
30
257
32
622
214
427
53
23
89
12
8
77
16
1154
13
26
16
100
42
16
43
92
112
167
1092
1107
23
7
51
94
16
1653
94
96
7
501
70
48
9
86
5889
531
31
44
34
4
36
12
78
691
22
28
28
57
35
20
339
16
15
91
357
4666
28
5
12
13
10
140
33
249
457
11
10
79
211992
87
937
89
8
332
756
28
19
6
13
16
181
18
49
23
33
9
18
22
44
31
22
13
133
48
21
9
42
16
7
81
33
4633
39
164
18
96
237
19
1137
21
18
23
997
32
6
74
18
101
256
40
23
21
6
16
438
10
17
74
6
32
17
21
39
20
45
23
2
27
15
22
71
39
22
29
221
20
25
17482
7
1116
470
27
60
202
30
20
5
47
11
180
78
40
7
200
10
32
63
57
7
135
4
21
13
21
70
840
9
15
1346
23
81
27
62
38
784
757697
15
243
236
13
18
32
13
13
59
26
40
273
2907
16
38
14
93
14
68
207
14
54
6337
12
58
747
6
64
13
13
19
12
118
16
18
51
183
37
14
206
116
295
19
17
7
16
40
3409
293
27
91
64
16
14
579
457
37
8
441
86
14
17
374
492256
15
2814
27
6913
114
222
11
12
15
2794
12
23
124
772127
202374
195
409
32
5
42
44
10180
19
31
5
20
65
15
23
14
12
11
0
6
16
9982317
77174
296
12
16
21
519
199
188
482
32
52776
125969
14
51
22
108
308
53
64
473
22
15
25
70
119
54
19
42
93
32
17
213
123
90
302
13
14
6
12
92
12
142
6
34
10
45
115
14
235
26
11
14
24
34
26
36
12
19
50
872893
66
152
10
392
8
7894
17
13
207
109
19
21
94
14
85342
33
16
5
246126
10
22
15824
17
74
66
186
11
15
166987
60
65
35690
18
340
531
115
31
18
21
14
67
35
36
3
5939
12
13
140344
5
273
10
1560
10
38
35
23
106
9
16
13
322
26
16
242
153
156
14
363
7
12
14
8
2775
139
104
539
51
12
20
15
1576
21
4415
31
18
20
93
78
95
6216
67
7506873
5856
12568
62
472428
206438
56
32
357
15
91
4129
23
12
49
751
1955
6
30
212
35
37
199
16
15
15
89
20
18
19
60
14
22
13
45
10
10
23
7
11
69
87
57
21
28
0
51
67
21
87
17
16
10
21
14
14
332
68374
3395
256072
1013
4596
500474
12819
10
183
438
37
2746
122816
912
83
139
6156
761
3788
36
5165
197685
6838
1236
52099
4139
26666
1455
50
84829
240
19
110
2349
11977
667
3111
19
272199
2612
414
7
1606
486
158
7706
8982
3985
42
487393
725
23
26
19
25
10
156
2523
11462
1021
104
19
15
513
72
51
17
13
12
15184
71506
21
73
249
24
10765
36684
19
8
211
13567
20678
21
10
2251
4780
42
494911
229320
8
7
19
1338
15
31
9
20
810863
71
20575
149
504
283
198
1564
477
8
766
214
26048
40743
396
20
33
10912
38
72
59
8
11
80
3955
2911
18
128
2443
176
30
822037
419
195
177672
580
106
647
295
1297
89
165
725
51478
515
10549
16882
15
8040
159
149
104
18
24
22
10
16
14102
26
193
18
63
13
13
48
16
7437
26
17
59
9
44
17
79
30862
48
10
409
13
25
98
44
35897
20
39
42815
28
593
166
23991
638
296
220731
706
3306
6905
24
12911
211
813
24298
145
36037
81
1410
13
23
119
121
288761
511
381
5091
80421
25
457
87
1788815
416
456726
12444489
0
1442472
12980659
13377049
0
0
0
0
0
0
0
0
0
0
0
0
0
0
0
0
0
0
0
0
0
0
0
0
0
0
0
0
0
0
0
0
0
0
0
0
0
0
0
0
0
0
0
0
0
0
0
0
0
0
0
0
0
0
0
0
0
0
0
0
0
0
0
0
0
0
0
0
0
0
0
0
0
0
0
0
0
0
0
0
0
0
0
0
0
0
0
0
0
0
0
0
0
0
0
0
0
0
0
0
0
0
0
0
0
0
0
0
0
0
0
0
0
0
0
0
0
0
0
0
0
0
0
0
0
0
0
0
0
0
0
0
0
0
0
0
0
0
0
0
0
0
0
0
0
0
0
0
0
0
0
0
0
0
0
0
0
0
0
0
0
0
0
0
0
0
0
0
0
0
0
0
0
0
0
0
0
0
0
0
0
0
0
0
0
0
0
0
0
0
0
0
0
0
0
0
0
0
0
0
0
0
0
0
0
0
0
0
0
0
0
0
0
0
0
0
